16777227
16777229
16777231
16777234
16777235
16777236
16777239
16777240
16777241
16777242
16777243
16777244
16777246
16777247
16777248
16777249
16777250
16777253
16777254
16777255
16777258
16777259
16777260
16777261
16777264
16777265
16777266
16777267
16777268
16777270
16777271
16777272
16777274
16777276
16777277
16777331
16777332
16777333
16777335
16777337
16777347
16777354
16777355
16777356
16777357
16777358
16777359
16777361
16777362
16777365
16777366
16777367
16777369
16777370
16777371
16777372
16777373
16777374
16777375
16777376
16777377
16777378
16777379
16777380
16777381
16777382
16777383
16777385
16777386
16777388
16777389
16777390
16777391
16777392
16777393
16777394
16777395
16777396
16777397
16777399
16777400
16777401
16777402
16777403
16777404
16777405
16777406
16777407
16777408
16777409
16777410
16777411
16777412
16777413
16777414
16777415
16777416
16777418
16777419
16777420
16777421
16777422
16777423
16777424
16777425
16777426
16777427
16777428
16777429
16777430
16777431
16777434
16777435
16777437
16777438
16777439
16777440
16777443
16777444
16777445
16777446
16777447
16777448
16777449
16777450
16777451
16777452
16777453
16777454
16777455
16777457
16777458
16777459
16777460
16777461
16777913
16777914
16777915
16777916
16777917
16777918
16777919
16777920
16777921
16777922
16778020
16778021
16778022
16778023
16778024
16778025
16778026
16778027
16778028
16778029
16778030
16778031
16778032
16778033
16778034
16778035
16778036
16778038
16778039
16778040
16778041
16778042
16778043
16778044
16778045
16778046
16778047
16778048
16778049
16778050
16778051
16778052
16778053
16778054
16778055
16778056
16778057
16778058
16778059
16778060
16778061
16778062
16778063
16778064
16778065
16778066
16778067
16778068
16778069
16778098
16778099
16778100
16778101
16778102
16778103
16778104
16778105
16778106
16778107
16778108
16778109
16778110
16778111
16778112
16778113
16778114
16778117
16778118
16778119
16778123
16778124
16778125
16778126
16778127
16778128
16778129
16778130
16778131
16778132
16778233
16778234
16778235
16778236
16778237
16778238
16778239
16778240
16778241
16778242
16778243
16778244
16778245
16778246
16778247
16778248
16778249
16778250
16778251
16778252
16778253
16778254
16778255
16778257
16778258
16778259
16778260
16778261
16778262
16778263
16778264
16778265
16778266
16778267
16778268
16778269
16778270
16778271
16778272
16778273
16778274
16778275
16778276
16778277
16778278
16778279
16778280
16778281
16778282
16778283
16778284
16778378
16778379
16778380
16778381
16778384
16778385
16778386
16778387
16778388
16778389
16778390
16778391
16778392
16778393
16778394
16778395
16778396
16778397
16778398
16778399
16778400
16778401
16778402
16778403
16778417
16778419
16778420
16778421
16778481
16778482
16778483
16778484
16778485
16778486
16778487
16778488
16778489
16778490
16778491
16778492
16778493
16778494
16778495
16778496
16778497
16778498
16778500
16778501
16778502
16778503
16778504
16778505
16778506
16778507
16778508
16778509
16778510
16778511
16778512
16778513
16778514
16778515
16778516
16778517
16778518
16778519
16778520
16778605
16778606
16778607
16778608
16778609
16778610
16778612
16778613
16778614
16778615
16778616
16778617
16778625
16778626
16778627
16778628
16778629
16778630
16778631
16778632
16778633
16778635
16778636
16778637
16778638
16778639
16778641
16778642
16778643
16778644
16778645
16778646
16778647
16778648
16778649
16778650
16778651
16778652
16778653
16778654
16778655
16778656
16778657
16778658
16778659
16778660
16778661
16778662
16778663
16778664
16778666
16778667
16778668
16778669
16778670
16778671
16778672
16778673
16778674
16778676
16778677
16778678
16778679
16778681
16778682
16778683
16778684
16778685
16778686
16778687
16778688
16778689
16778692
16778693
16778694
16778695
16778696
16778698
16778699
16778700
16778701
16778702
16778703
16778704
16778705
16778706
16778710
16778717
16778720
16778721
16778722
16778723
16778724
16778727
16778728
16778729
16778730
16778731
16778732
16778733
16778735
16778736
16778737
16778743
16778747
16778748
16778749
16778750
16778751
16778752
16778753
16778754
16778756
16778757
16778758
16778759
16778760
16778761
16778762
16778764
16778765
16778766
16778767
16778768
16778769
16778770
16778771
16778772
16778773
16778774
16778775
16778777
16778778
16778780
16778781
16778787
16778789
16778791
16778792
16778793
16778794
16778795
16778796
16778797
16778798
16778799
16778800
16778801
16778802
16778803
16778804
16778805
16778846
16778850
16778854
16778855
16778856
16778858
16778859
16778860
16778861
16778863
16778864
16778865
16778866
16778869
16778872
16778873
16778874
16778875
16778876
16778878
16778879
16778880
16778881
16778882
16778883
16778884
16778885
16778886
16778888
16778889
16778890
16778891
16778892
16778893
16778894
16778896
16778897
16778898
16778899
16778900
16778902
16778905
16778906
16778907
16778908
16778909
16778910
16778911
16778912
16778913
16778914
16778915
16778916
16778917
16778918
16778919
16778920
16778921
16778922
16778923
16778924
16778925
16778926
16778927
16778928
16778929
16778930
16778931
16778932
16778933
16778934
16778935
16778936
16778937
16778938
16778939
16778940
16778941
16778942
16778943
16778944
16778945
16778946
16778948
16778949
16778950
16778951
16778952
16778953
16778954
16778955
16779081
16779082
16779083
16779084
16779085
16779086
16779087
16779088
16779089
16779090
16779091
16779092
16779093
16779094
16779095
16779096
16779097
16779098
16779099
16779100
16779101
16779102
16779103
16779104
16779105
16779106
16779107
16779108
16779109
16779110
16779111
16779112
16779113
16779114
16779115
16779116
16779117
16779118
16779119
16779120
16779121
16779122
16779123
16779124
16779125
16779126
16779127
16779128
16779129
16779130
16779131
16779132
16779133
16779134
16779135
16779136
16779137
16779138
16779139
16779140
16781758
16781759
16781761
16781767
16781772
16781914
16781915
16781916
16781917
16781918
16781919
16781920
16781921
16781922
16781923
16781924
16781925
16781926
16781927
16781928
16781929
16781930
16781931
16781932
16781933
16781934
16781935
16781936
16781937
16782155
16782156
16782157
16782158
16782159
16782160
16782161
16782172
16782173
16782174
16782175
16782176
16782177
16782178
16782179
16783280
16783281
16783282
16783285
16783286
16783287
281474976712614
281474976712615
281474976712616
281474976712618
281474976712619
281474976712620
281474976712621
281474976712622
281474976712624
281474976712625
281474976712626
281474976712627
281474976712628
281474976712629
281474976712631
281474976712632
281474976712633
281474976712634
281474976712635
281474976712636
281474976712637
281474976712638
281474976712639
281474976712640
281474976712643
281474976712644
281474976712645
281474976712646
281474976712649
281474976712650
281474976712651
281474976712655
281474976712656
281474976712657
281474976712658
281474976712660
281474976712661
281474976712662
281474976712663
281474976712664
281474976712665
281474976712666
281474976712667
281474976712668
281474976712669
281474976712670
281474976712672
281474976712673
281474976712674
281474976712675
281474976712676
281474976712677
281474976712678
281474976712679
281474976712680
281474976712682
281474976712683
281474976712684
281474976712685
281474976712686
281474976712687
281474976712688
281474976712689
281474976712690
281474976712692
281474976712693
281474976712694
281474976712696
281474976712697
281474976712698
281474976712699
281474976712700
281474976712701
281474976712702
281474976712703
281474976712704
281474976712705
281474976712706
281474976712707
281474976712708
281474976712709
281474976712710
281474976712712
281474976712713
281474976712714
281474976712715
281474976712716
281474976712717
281474976712718
281474976712720
281474976712721
281474976712722
281474976712723
281474976712724
281474976712725
281474976712727
281474976712729
281474976712730
281474976712731
281474976712732
281474976712733
281474976712735
281474976712736
281474976712737
281474976712738
281474976712739
281474976712740
281474976712742
281474976712743
281474976712746
281474976712747
281474976712749
281474976712750
281474976712752
281474976712753
281474976712754
281474976712755
281474976712756
281474976712757
281474976712758
281474976712759
281474976712760
281474976712761
281474976712762
281474976712763
281474976712764
281474976712765
281474976712766
281474976712767
281474976712769
281474976712770
281474976712771
281474976712772
281474976712773
281474976712774
281474976712775
281474976712776
281474976712777
281474976712779
281474976712780
281474976712781
281474976712782
281474976712783
281474976712785
281474976712786
281474976712787
281474976712788
281474976712790
281474976712791
281474976712792
281474976712793
281474976712794
281474976712795
281474976712796
281474976712797
281474976712799
281474976712800
281474976712801
281474976712803
281474976712804
281474976712805
281474976712806
281474976712808
281474976712809
281474976712810
281474976712811
281474976713012
281474976713013
281474976713014
281474976713015
281474976713016
281474976713019
281474976713020
281474976713021
281474976713022
281474976713023
281474976713024
281474976713025
281474976713026
281474976713027
281474976713028
281474976713029
281474976713030
281474976713031
281474976713032
281474976713033
281474976713034
281474976713035
281474976713037
281474976713038
281474976713039
281474976713040
281474976713041
281474976713042
281474976713044
281474976713045
281474976713046
281474976713047
281474976713048
281474976713049
281474976713050
281474976713052
281474976713053
281474976713055
281474976713056
281474976713057
281474976713058
281474976713059
281474976713060
281474976713062
281474976713063
281474976713064
281474976713065
281474976713067
281474976713069
281474976713070
281474976713072
281474976713074
281474976713075
281474976713076
281474976713077
281474976713078
281474976713079
281474976713080
281474976713081
281474976713082
281474976713083
281474976713084
281474976713085
281474976713086
281474976713087
281474976713088
281474976713089
281474976713090
281474976713092
281474976713093
281474976713094
281474976713095
281474976713096
281474976713097
281474976713098
281474976713099
281474976713100
281474976713101
281474976713102
281474976713103
281474976713104
281474976713105
281474976713106
281474976713107
281474976713108
281474976713109
281474976713110
281474976713111
281474976713112
281474976713113
281474976713114
281474976713115
281474976713116
281474976713117
281474976713118
281474976713119
281474976713120
281474976713121
281474976713122
281474976713123
281474976713124
281474976713125
281474976713126
281474976713127
281474976713128
281474976713129
281474976713130
281474976713131
281474976713132
281474976713133
281474976713134
281474976713135
281474976713136
281474976713137
281474976713139
281474976713140
281474976713141
281474976713142
281474976713144
281474976713145
281474976713146
281474976713147
281474976713148
281474976713149
281474976713150
281474976713151
281474976713152
281474976713153
281474976713154
281474976713155
281474976713156
281474976713157
281474976713158
281474976713159
281474976713160
281474976713161
281474976713162
281474976713163
281474976713164
281474976713165
281474976713166
281474976713167
281474976713168
281474976713170
281474976713171
281474976713172
281474976713173
281474976713174
281474976713176
281474976713177
281474976713179
281474976713180
281474976713183
281474976713184
281474976713185
281474976713186
281474976713187
281474976713188
281474976713189
281474976713190
281474976713192
281474976713193
281474976713194
281474976713198
281474976713199
281474976713200
281474976713201
281474976713202
281474976713203
281474976713204
281474976713205
281474976713206
281474976713207
281474976713208
281474976713210
281474976713211
281474976713212
281474976713213
281474976713214
281474976713215
281474976713216
281474976713217
281474976713218
281474976713219
281474976713220
281474976713222
281474976713223
281474976713224
281474976713225
281474976713226
281474976713227
281474976713228
281474976713229
281474976713230
281474976713233
281474976713234
281474976713235
281474976713236
281474976713237
281474976713238
281474976713239
281474976713240
281474976713241
281474976713242
281474976713243
281474976713244
281474976713245
281474976713246
281474976713247
281474976713248
281474976713249
281474976713250
281474976713251
281474976713252
281474976713253
281474976713254
281474976713255
281474976713256
281474976713257
281474976713258
281474976713259
281474976713261
281474976713262
281474976713263
281474976713264
281474976713265
281474976713266
281474976713267
281474976713268
281474976713269
281474976713270
281474976713271
281474976713272
281474976713273
281474976713274
281474976713275
281474976713276
281474976713277
281474976713278
281474976713279
281474976713280
281474976713281
281474976713282
281474976713283
281474976713285
281474976713286
281474976713287
281474976713288
281474976713289
281474976713291
281474976713292
281474976713293
281474976713294
281474976713295
281474976713296
281474976713297
281474976713298
281474976713299
281474976713300
281474976713301
281474976713302
281474976713303
281474976713304
281474976713305
281474976713306
281474976713307
281474976713308
281474976713309
281474976713310
281474976713311
281474976713312
281474976713313
281474976713314
281474976713315
281474976713316
281474976713317
281474976713318
281474976713319
281474976713320
281474976713322
281474976713323
281474976713324
281474976713325
281474976713326
281474976713327
281474976713328
281474976713330
281474976713331
281474976713332
281474976713333
281474976713334
281474976713335
281474976713336
281474976713337
281474976713338
281474976713339
281474976713340
281474976713341
281474976713342
281474976713343
281474976713344
281474976713345
281474976713346
281474976713347
281474976713348
281474976713349
281474976713350
281474976713351
281474976713352
281474976713353
281474976713354
281474976713355
281474976713356
281474976713357
281474976713358
281474976713359
281474976713360
281474976713363
281474976713364
281474976713365
281474976713366
281474976713367
281474976713368
281474976713369
281474976713370
281474976713371
281474976713372
281474976713374
281474976713375
281474976713376
281474976713377
281474976713378
281474976713379
281474976713380
281474976713381
281474976713382
281474976713383
281474976713384
281474976713385
281474976713386
281474976713387
281474976713388
281474976713389
281474976713390
281474976713391
281474976713393
281474976713394
281474976713397
281474976713398
281474976713399
281474976713401
281474976713402
281474976713403
281474976713404
281474976713405
281474976713407
281474976713408
281474976713409
281474976713410
281474976713411
281474976713504
281474976713505
281474976713506
281474976713507
281474976715646
281474976716274
281474976716276
281474976716277
281474976716278
281474976716279
281474976716280
281474976716281
281474976716282
281474976716291
281474976716292
281474976716293
281474976716294
281474976716295
281474976716296
281474976716297
281474976716298
281474976716299
281474976716300
281474976716301
281474976716302
281474976716303
281474976716304
281474976716305
281474976716306
281474976716307
281474976716308
281474976716309
281474976716310
281474976716312
281474976716313
281474976716314
281474976716315
281474976716317
281474976716318
281474976716319
281474976716320
281474976716321
281474976716322
281474976716323
281474976716325
281474976716326
281474976716328
281474976716329
281474976716330
281474976716331
281474976716332
281474976716334
281474976716336
281474976716337
281474976716338
281474976716339
281474976716340
281474976716341
281474976716343
281474976716344
281474976716345
281474976716346
281474976716347
281474976716348
281474976716350
281474976716351
281474976716354
281474976716355
281474976716356
281474976716358
281474976716359
281474976716360
281474976716361
281474976716362
281474976716363
281474976716364
281474976716365
281474976716366
281474976716367
281474976716369
281474976716370
281474976716371
281474976716372
281474976716374
281474976716375
281474976716376
281474976716377
281474976716378
281474976716379
281474976716381
281474976716382
281474976716383
281474976716384
281474976716386
281474976716387
281474976716388
281474976716390
281474976716391
281474976716392
281474976716393
281474976716394
281474976716395
281474976716396
281474976716397
281474976716398
281474976716400
281474976716401
281474976716402
281474976716403
281474976716404
281474976716405
281474976716406
281474976716407
281474976716408
281474976716409
281474976716411
281474976716412
281474976716414
281474976716415
281474976716417
281474976716419
281474976716420
281474976716421
281474976716422
281474976716424
281474976716425
281474976716426
281474976716427
281474976716428
281474976716429
281474976716430
281474976716431
281474976716432
281474976716434
281474976716435
281474976716436
281474976716437
281474976716438
281474976716439
281474976716440
281474976716442
281474976716444
281474976716445
281474976716446
281474976716447
281474976716449
281474976716450
281474976716451
281474976716452
281474976716453
281474976716455
281474976716456
281474976716457
281474976716458
281474976716459
281474976716460
281474976716462
281474976716463
281474976716464
281474976716466
281474976716467
281474976716468
281474976716469
281474976716470
281474976716471
281474976716472
281474976716473
281474976716474
281474976716475
281474976716476
281474976716478
281474976716480
281474976716481
281474976716482
281474976716486
281474976716487
281474976716488
281474976716490
281474976716491
281474976716492
281474976716493
281474976716494
281474976716495
281474976716497
281474976716498
281474976716499
281474976716500
281474976716502
281474976716503
281474976716504
281474976716506
281474976716507
281474976716508
281474976716509
281474976716510
281474976716511
281474976716512
281474976716513
281474976716515
281474976716516
281474976716517
281474976716518
281474976716519
281474976716521
281474976716522
281474976716523
281474976716524
281474976716525
281474976716526
281474976716527
281474976716529
281474976716530
281474976716531
281474976716532
281474976716533
281474976716534
281474976716535
281474976716536
281474976716537
281474976716538
281474976716539
281474976716540
281474976716541
281474976716542
281474976716543
281474976716544
281474976716545
281474976716546
281474976716547
281474976716548
281474976716549
281474976716551
281474976716553
281474976716554
281474976716555
281474976716556
281474976716557
281474976716558
281474976716559
281474976716560
281474976716561
281474976716562
281474976716563
281474976716564
281474976716565
281474976716566
281474976716567
281474976716568
281474976716569
281474976716570
281474976716572
281474976716574
281474976716575
281474976716576
281474976716577
281474976716578
281474976716579
281474976716580
281474976716581
281474976716583
281474976716585
281474976716586
281474976716587
281474976716588
281474976716589
281474976716590
281474976716592
281474976716593
281474976716594
281474976716595
281474976716596
281474976716597
281474976716598
281474976716599
281474976716600
281474976716601
281474976716602
281474976716603
281474976716604
281474976716605
281474976716606
281474976716607
281474976716608
281474976716610
281474976716611
281474976716612
281474976716613
281474976716615
281474976716617
281474976716618
281474976716619
281474976716620
281474976716621
281474976716622
281474976716624
281474976716625
281474976716626
281474976716627
281474976716628
281474976716630
281474976716632
281474976716634
281474976716635
281474976716636
281474976716638
281474976716639
281474976716640
281474976716641
281474976716642
281474976716643
281474976716644
281474976716645
281474976716646
281474976716647
281474976716649
281474976716651
281474976716652
281474976716653
281474976716654
281474976716655
281474976716658
281474976716661
281474976716663
281474976716664
281474976716665
281474976716666
281474976716667
281474976716668
281474976716670
281474976716671
281474976716672
281474976716673
281474976716675
281474976716677
281474976716678
281474976716680
281474976716681
281474976716682
281474976716683
281474976716684
281474976716685
281474976716686
281474976716687
281474976716689
281474976716690
281474976716691
281474976716692
281474976716693
281474976716694
281474976716695
281474976716696
281474976716697
281474976716698
281474976716699
281474976716700
281474976716701
281474976716702
281474976716704
281474976716705
281474976716706
281474976716707
281474976716708
281474976716709
281474976716710
281474976716711
281474976716712
281474976716713
281474976716715
281474976716716
281474976716717
281474976716718
281474976716719
281474976716720
281474976716721
281474976716722
281474976716723
281474976716724
281474976716725
281474976716727
281474976716728
281474976716730
281474976716731
281474976716733
281474976716734
281474976716735
281474976716736
281474976716737
281474976716738
281474976716739
281474976716740
281474976716741
281474976716742
281474976716743
281474976716745
281474976716746
281474976716747
281474976716748
281474976716749
281474976716750
281474976716751
281474976716752
281474976716754
281474976716755
281474976716756
281474976716757
281474976716758
281474976716759
281474976716760
281474976716762
281474976716763
281474976716764
281474976716765
281474976716766
281474976716767
281474976716768
281474976716769
281474976716770
281474976716771
281474976716772
281474976716774
281474976716775
281474976716776
281474976716777
281474976716778
281474976716779
281474976716780
281474976716781
281474976716782
281474976716783
281474976716784
281474976716785
281474976716786
281474976716787
281474976716789
281474976716790
281474976716791
281474976716792
281474976716793
281474976716795
281474976716796
281474976716797
281474976716798
281474976716800
281474976716801
281474976716804
281474976716805
281474976716806
281474976716808
281474976716809
281474976716811
281474976716812
281474976716813
281474976716814
281474976716816
281474976716817
281474976716818
281474976716819
281474976716820
281474976716821
281474976716822
281474976716823
281474976716824
281474976716825
281474976716826
281474976716827
281474976716828
281474976716829
281474976716830
281474976716831
281474976716832
281474976716833
281474976716834
281474976716836
281474976716837
281474976716838
281474976716839
281474976716840
281474976716841
281474976716842
281474976716843
281474976716844
281474976716845
281474976716846
281474976716848
281474976716849
281474976716850
281474976716851
281474976716852
281474976716853
281474976716854
281474976716855
281474976716856
281474976716857
281474976716858
281474976716860
281474976716861
281474976716862
281474976716863
281474976716864
281474976716865
281474976716866
281474976716867
281474976716868
281474976716870
281474976716871
281474976716873
281474976716874
281474976716875
281474976716876
281474976716877
281474976716878
281474976716879
281474976716880
281474976716881
281474976716882
281474976716883
281474976716884
281474976716885
281474976716886
281474976716887
281474976716888
281474976716889
281474976716890
281474976716892
281474976717288
281474976717298
281474976717701
281474976717702
281474976717703
281474976717704
281474976717705
281474976717706
281474976717707
281474976717708
281474976717709
281474976717710
281474976717711
281474976717712
281474976717713
281474976717714
281474976717715
281474976717716
281474976717717
281474976717718
281474976717719
281474976717720
281474976717722
281474976717723
281474976717724
281474976717725
281474976717726
281474976717727
281474976717728
281474976717729
281474976717730
281474976717731
281474976717735
281474976717736
281474976717737
281474976717738
281474976717739
281474976717741
281474976717742
281474976717743
281474976717744
281474976717746
281474976717747
281474976717748
281474976717749
281474976717750
281474976717751
281474976717752
281474976717753
281474976717754
281474976717755
281474976717756
281474976717757
281474976717758
281474976717759
281474976717760
281474976717761
281474976717762
281474976717763
281474976717764
281474976717765
281474976717766
281474976717767
281474976717768
281474976717769
281474976717770
281474976717771
281474976717772
281474976717773
281474976717774
281474976717775
281474976717776
281474976717777
281474976717778
281474976717779
281474976717781
281474976717782
281474976717783
281474976717784
281474976717785
281474976717786
281474976717788
281474976717789
281474976717790
281474976717791
281474976717794
281474976717795
281474976717796
281474976717797
281474976717800
281474976717801
281474976717802
281474976717803
281474976717804
281474976717805
281474976717806
281474976717807
281474976717808
281474976717809
281474976717811
281474976717812
281474976717813
281474976717815
281474976717816
281474976717817
281474976717818
281474976717819
281474976717821
281474976717822
281474976717824
281474976717825
281474976717826
281474976717827
281474976717828
281474976717829
281474976717830
281474976717831
281474976717832
281474976717833
281474976717834
281474976717836
281474976717838
281474976717839
281474976717840
281474976717841
281474976717842
281474976717844
281474976717845
281474976717846
281474976717847
281474976717848
281474976717849
281474976717850
281474976717851
281474976717852
281474976717853
281474976717854
281474976717855
281474976717856
281474976717857
281474976717858
281474976717859
281474976717860
281474976717861
281474976717863
281474976717864
281474976717865
281474976717866
281474976717867
281474976717869
281474976717870
281474976717871
281474976717872
281474976717874
281474976717875
281474976717876
281474976717877
281474976717878
281474976717879
281474976717880
281474976717881
281474976717882
281474976717883
281474976717884
281474976717885
281474976717887
281474976717888
281474976717890
281474976717891
281474976717892
281474976717893
281474976717894
281474976717895
281474976717896
281474976717897
281474976717898
281474976717899
281474976717900
281474976718531
281474976718532
281474976718534
