16777288
16777289
16777290
16777291
16777292
16777527
16777555
16777564
16777597
16777601
16777713
16777717
16777718
16777721
16777722
16777723
16777724
16777726
16777731
16777733
16777734
16777735
16777737
16777738
16777746
16777747
16777748
16777751
16777756
16777758
16777763
16777765
16777778
16777782
16777785
16777786
16777788
16777796
16777803
16777807
16777814
16777819
16777822
16777828
16777829
16777830
16777831
16777832
16777833
16777835
16777837
16777839
16777840
16777841
16777842
16777843
16777844
16777845
16777851
16777853
16777854
16777856
16777858
16777859
16777865
16777872
16777873
16777876
16777878
16777883
16777886
16777887
16777888
16777889
16777891
16777894
16777897
16777899
16777900
16777902
16777904
16777906
16777909
16777910
16777923
16777924
16777926
16777927
16777928
16777929
16777930
16777936
16777937
16777944
16777945
16777946
16777947
16777949
16777950
16777951
16777952
16777953
16777954
16777955
16777956
16777957
16777958
16777959
16777960
16777963
16777965
16777966
16777971
16777972
16777974
16777977
16777978
16777979
16777981
16777983
16777985
16777989
16777990
16777991
16777992
16777994
16777999
16778000
16778002
16778003
16778004
16778008
16778009
16778010
16778011
16778012
16778013
16778014
16778015
16778016
16778017
16778019
16778070
16778071
16778072
16778073
16778074
16778076
16778077
16778078
16778079
16778080
16778081
16778082
16778087
16778088
16778089
16778090
16778091
16778092
16778097
16778133
16778134
16778135
16778136
16778137
16778138
16778139
16778142
16778143
16778144
16778145
16778147
16778148
16778153
16778154
16778155
16778156
16778158
16778159
16778162
16778163
16778165
16778166
16778167
16778168
16778169
16778170
16778171
16778172
16778173
16778174
16778175
16778176
16778177
16778178
16778179
16778180
16778181
16778182
16778183
16778184
16778185
16778186
16778187
16778188
16778189
16778190
16778191
16778192
16778193
16778194
16778196
16778197
16778198
16778199
16778200
16778202
16778203
16778204
16778205
16778206
16778207
16778208
16778210
16778211
16778214
16778215
16778216
16778218
16778219
16778222
16778223
16778228
16778229
16778230
16778232
16778285
16778286
16778287
16778288
16778289
16778291
16778292
16778293
16778294
16778295
16778296
16778298
16778299
16778300
16778301
16778302
16778303
16778304
16778305
16778306
16778308
16778310
16778311
16778312
16778313
16778314
16778316
16778317
16778323
16778324
16778325
16778326
16778327
16778328
16778329
16778330
16778331
16778332
16778334
16778337
16778338
16778339
16778342
16778343
16778344
16778345
16778346
16778347
16778348
16778349
16778351
16778355
16778356
16778358
16778359
16778360
16778361
16778362
16778363
16778364
16778366
16778367
16778368
16778370
16778371
16778372
16778405
16778408
16778410
16778411
16778412
16778413
16778415
16778416
16778424
16778430
16778433
16778436
16778444
16778445
16778446
16778447
16778448
16778449
16778450
16778451
16778452
16778453
16778454
16778457
16778458
16778459
16778460
16778461
16778463
16778466
16778467
16778468
16778469
16778470
16778473
16778475
16778476
16778477
16778478
16778480
16778523
16778524
16778525
16778526
16778532
16778533
16778534
16778535
16778544
16778545
16778546
16778547
16778548
16778549
16778550
16778553
16778555
16778556
16778557
16778561
16778564
16778566
16778568
16778570
16778574
16778575
16778576
16778578
16778579
16778580
16778581
16778584
16778585
16778586
16778588
16778591
16778592
16778593
16778594
16778595
16778596
16778597
16778600
16778601
16778602
16778603
16778604
16778619
16778620
16778621
16778622
16778623
16778806
16778807
16778808
16778810
16778811
16778812
16778813
16778814
16778815
16778816
16778817
16778818
16778819
16778820
16778822
16778823
16778824
16778825
16778827
16778828
16778829
16778830
16778833
16778834
16778835
16778836
16778837
16778838
16778840
16778841
16778845
281474976713525
281474976713526
281474976713527
281474976713528
281474976713529
281474976713531
281474976713535
281474976713536
281474976713538
281474976713540
281474976713541
281474976713544
281474976713545
281474976713546
281474976713549
281474976713550
281474976713552
281474976713553
281474976713554
281474976713555
281474976713556
281474976713557
281474976713558
281474976713559
281474976713560
281474976713562
281474976713565
281474976713567
281474976713568
281474976713569
281474976713570
281474976713571
281474976713572
281474976713573
281474976713574
281474976713576
281474976713577
281474976713578
281474976713579
281474976713583
281474976713584
281474976713586
281474976713587
281474976713589
281474976713590
281474976713591
281474976713594
281474976713595
281474976713596
281474976713601
281474976713602
281474976713603
281474976713604
281474976713605
281474976713606
281474976713607
281474976713609
281474976713610
281474976713613
281474976713614
281474976713615
281474976713616
281474976713617
281474976713618
281474976713619
281474976713622
281474976713623
281474976713624
281474976713625
281474976713626
281474976713627
281474976713631
281474976713636
281474976713637
281474976713638
281474976713641
281474976713642
281474976713644
281474976713646
281474976713648
281474976713650
281474976713651
281474976713652
281474976713653
281474976713655
281474976713658
281474976713660
281474976713661
281474976713662
281474976713663
281474976713667
281474976713668
281474976713669
281474976713671
281474976713672
281474976713674
281474976713675
281474976713676
281474976713677
281474976713679
281474976713680
281474976713681
281474976713682
281474976713684
281474976713685
281474976713686
281474976713688
281474976713689
281474976713690
281474976713691
281474976713692
281474976713693
281474976713695
281474976713696
281474976713697
281474976713698
281474976713699
281474976713701
281474976713706
281474976713708
281474976713709
281474976713711
281474976713712
281474976713713
281474976713714
281474976713715
281474976713716
281474976713717
281474976713718
281474976713719
281474976713720
281474976713723
281474976713724
281474976713725
281474976713726
281474976713727
281474976713728
281474976713729
281474976713730
281474976713732
281474976713733
281474976713734
281474976713736
281474976713737
281474976713739
281474976713740
281474976713741
281474976713746
281474976713747
281474976713748
281474976713749
281474976713750
281474976713751
281474976713753
281474976713754
281474976713755
281474976713756
281474976713757
281474976713760
281474976713762
281474976713763
281474976713764
281474976713765
281474976713766
281474976713767
281474976713770
281474976713771
281474976713772
281474976713773
281474976713776
281474976713777
281474976713778
281474976713779
281474976713780
281474976713782
281474976713783
281474976713784
281474976713786
281474976713787
281474976713788
281474976713790
281474976713793
281474976713794
281474976713796
281474976713797
281474976713798
281474976713801
281474976713803
281474976713804
281474976713805
281474976713806
281474976713807
281474976713808
281474976713809
281474976713810
281474976713811
281474976713814
281474976713815
281474976713816
281474976713817
281474976713819
281474976713821
281474976713822
281474976713823
281474976713825
281474976713828
281474976713830
281474976713831
281474976713834
281474976713836
281474976713837
281474976713839
281474976713840
281474976713841
281474976713844
281474976713845
281474976713848
281474976713849
281474976713850
281474976713851
281474976713853
281474976713855
281474976713856
281474976713857
281474976713858
281474976713859
281474976713861
281474976713863
281474976713864
281474976713865
281474976713867
281474976713868
281474976713870
281474976713871
281474976713872
281474976713873
281474976713874
281474976713875
281474976713876
281474976713877
281474976713879
281474976713880
281474976713883
281474976713884
281474976713885
281474976713886
281474976713887
281474976713889
281474976713892
281474976713893
281474976713894
281474976713895
281474976713896
281474976713898
281474976713900
281474976713903
281474976713904
281474976713905
281474976713906
281474976713907
281474976713908
281474976713909
281474976713910
281474976713911
281474976713912
281474976713913
281474976713915
281474976713916
281474976713917
281474976713918
281474976713921
281474976713922
281474976713924
281474976713947
281474976713948
281474976713950
281474976713951
281474976713952
281474976713953
281474976713954
281474976713955
281474976713960
281474976713962
281474976713963
281474976713964
281474976713965
281474976713966
281474976713968
281474976713969
281474976713970
281474976713971
281474976713972
281474976713974
281474976713979
281474976713983
281474976713985
281474976713986
281474976713987
281474976713988
281474976713990
281474976713992
281474976713995
281474976713996
281474976714001
281474976714003
281474976714005
281474976714006
281474976714008
281474976714009
281474976714013
281474976714014
281474976714015
281474976714016
281474976714018
281474976714020
281474976714022
281474976714027
281474976714028
281474976714029
281474976714030
281474976714032
281474976714034
281474976714037
281474976714038
281474976714039
281474976714041
281474976714044
281474976714045
281474976714046
281474976714048
281474976714049
281474976714050
281474976714051
281474976714052
281474976714058
281474976714060
281474976714062
281474976714065
281474976714066
281474976714067
281474976714070
281474976714071
281474976714072
281474976714073
281474976714074
281474976714075
281474976714076
281474976714078
281474976714079
281474976714080
281474976714083
281474976714084
281474976714085
281474976714088
281474976714092
281474976714093
281474976714095
281474976714097
281474976714098
281474976714100
281474976714101
281474976714102
281474976714104
281474976714105
281474976714106
281474976714107
281474976714108
281474976714109
281474976714110
281474976714111
281474976714112
281474976714116
281474976714117
281474976714118
281474976714119
281474976714120
281474976714121
281474976714122
281474976714123
281474976714126
281474976714127
281474976714128
281474976714129
281474976714131
281474976714132
281474976714134
281474976714136
281474976714138
281474976714139
281474976714140
281474976714141
281474976714142
281474976714144
281474976714146
281474976714147
281474976714151
281474976714152
281474976714153
281474976714154
281474976714156
281474976714160
281474976714162
281474976714164
281474976714165
281474976714166
281474976714167
281474976714168
281474976714169
281474976714173
281474976714175
281474976714177
281474976714178
281474976714179
281474976714181
281474976714182
281474976714184
281474976714185
281474976714188
281474976714190
281474976714191
281474976714194
281474976714195
281474976714197
281474976714198
281474976714200
281474976714203
281474976714205
281474976714206
281474976714207
281474976714208
281474976714211
281474976714214
281474976714216
281474976714217
281474976714220
281474976714221
281474976714223
281474976714225
281474976714229
281474976714230
281474976714232
281474976714233
281474976714234
281474976714237
281474976714238
281474976714239
281474976714240
281474976714241
281474976714243
281474976714245
281474976714246
281474976714247
281474976714249
281474976714253
281474976714254
281474976714255
281474976714256
281474976714257
281474976714260
281474976714261
281474976714263
281474976714264
281474976714266
281474976714268
281474976714269
281474976714272
281474976714275
281474976714276
281474976714277
281474976714278
281474976714279
281474976714280
281474976714281
281474976714282
281474976714283
281474976714286
281474976714287
281474976714288
281474976714291
281474976714292
281474976714293
281474976714294
281474976714295
281474976714296
281474976714297
281474976714300
281474976714301
281474976714303
281474976714306
281474976714307
281474976714308
281474976714309
281474976714311
281474976714313
281474976714314
281474976714316
281474976714320
281474976714321
281474976714323
281474976714324
281474976714325
281474976714326
281474976714331
281474976714332
281474976714333
281474976714334
281474976714336
281474976714337
281474976714338
281474976714339
281474976714341
281474976714342
281474976714343
281474976714344
281474976714367
281474976714368
281474976714369
281474976714370
281474976714372
281474976714374
281474976714375
281474976714378
281474976714379
281474976714381
281474976714383
281474976714384
281474976714387
281474976714388
281474976714389
281474976714390
281474976714391
281474976714392
281474976714396
281474976714398
281474976714400
281474976714404
281474976714406
281474976714407
281474976714410
281474976714413
281474976714414
281474976714419
281474976714421
281474976714422
281474976714424
281474976714428
281474976714429
281474976714430
281474976714433
281474976714434
281474976714439
281474976714440
281474976714443
281474976714444
281474976714445
281474976714446
281474976714448
281474976714450
281474976714453
281474976714454
281474976714455
281474976714456
281474976714457
281474976714458
281474976714459
281474976714460
281474976714462
281474976714463
281474976714464
281474976714465
281474976714466
281474976714468
281474976714469
281474976714470
281474976714472
281474976714473
281474976714474
281474976714477
281474976714479
281474976714481
281474976714482
281474976714484
281474976714486
281474976714488
281474976714489
281474976714490
281474976714493
281474976714496
281474976714498
281474976714500
281474976714501
281474976714503
281474976714504
281474976714505
281474976714507
281474976714509
281474976714510
281474976714511
281474976714512
281474976714513
281474976714515
281474976714520
281474976714522
281474976714523
281474976714524
281474976714527
281474976714529
281474976714530
281474976714535
281474976714536
281474976714537
281474976714539
281474976714540
281474976714543
281474976714545
281474976714550
281474976714552
281474976714556
281474976714560
281474976714561
281474976714563
281474976714564
281474976714566
281474976714567
281474976714570
281474976714571
281474976714572
281474976714578
281474976714579
281474976714581
281474976714582
281474976714585
281474976714586
281474976714587
281474976714589
281474976714592
281474976714593
281474976714595
281474976714596
281474976714597
281474976714599
281474976714602
281474976714603
281474976714605
281474976714608
281474976714610
281474976714611
281474976714615
281474976714616
281474976714617
281474976714618
281474976714621
281474976714622
281474976714624
281474976714627
281474976714629
281474976714630
281474976714631
281474976714632
281474976714634
281474976714635
281474976714636
281474976714637
281474976714638
281474976714640
281474976714641
281474976714642
281474976714643
281474976714644
281474976714646
281474976714648
281474976714650
281474976714655
281474976714656
281474976714657
281474976714658
281474976714661
281474976714662
281474976714664
281474976714666
281474976714667
281474976714671
281474976714674
281474976714675
281474976714676
281474976714677
281474976714679
281474976714682
281474976714683
281474976714686
281474976714688
281474976714690
281474976714691
281474976714693
281474976714695
281474976714696
281474976714697
281474976714698
281474976714700
281474976714701
281474976714702
281474976714703
281474976714704
281474976714705
281474976714706
281474976714707
281474976714708
281474976714710
281474976714714
281474976714715
281474976714718
281474976714720
281474976714721
281474976714722
281474976714723
281474976714724
281474976714725
281474976714729
281474976714731
281474976714732
281474976714735
281474976714738
281474976714740
281474976714741
281474976714743
281474976714744
281474976714745
281474976714746
281474976714748
281474976714750
281474976714751
281474976714753
281474976714755
281474976714761
281474976714764
281474976714785
281474976714787
281474976714788
281474976714789
281474976714790
281474976714791
281474976714792
281474976714793
281474976714794
281474976714795
281474976714797
281474976714799
281474976714802
281474976714803
281474976714805
281474976714806
281474976714807
281474976714808
281474976714809
281474976714811
281474976714812
281474976714814
281474976714816
281474976714817
281474976714818
281474976714820
281474976714821
281474976714824
281474976714825
281474976714826
281474976714827
281474976714828
281474976714829
281474976714830
281474976714835
281474976714836
281474976714837
281474976714839
281474976714840
281474976714841
281474976714844
281474976714845
281474976714846
281474976714847
281474976714848
281474976714849
281474976714850
281474976714852
281474976714853
281474976714854
281474976714855
281474976714856
281474976714857
281474976714859
281474976714860
281474976714861
281474976714862
281474976714863
281474976714864
281474976714865
281474976714867
281474976714868
281474976714869
281474976714870
281474976714871
281474976714872
281474976714873
281474976714874
281474976714875
281474976714877
281474976714878
281474976714879
281474976714881
281474976714882
281474976714883
281474976714884
281474976714885
281474976714886
281474976714887
281474976714889
281474976714890
281474976714891
281474976714900
281474976714901
281474976714902
281474976714904
281474976714905
281474976714906
281474976714907
281474976714908
281474976714909
281474976714910
281474976714911
281474976714912
281474976714913
281474976714914
281474976714915
281474976714916
281474976714918
281474976714919
281474976714920
281474976714921
281474976714925
281474976714927
281474976714928
281474976714931
281474976714932
281474976714933
281474976714935
281474976714936
281474976714937
281474976714938
281474976714939
281474976714940
281474976714942
281474976714943
281474976714945
281474976714946
281474976714947
281474976714949
281474976714950
281474976714952
281474976714953
281474976714954
281474976714955
281474976714956
281474976714958
281474976714959
281474976714960
281474976714961
281474976714962
281474976714965
281474976714966
281474976714967
281474976714968
281474976714969
281474976714971
281474976714972
281474976714974
281474976714975
281474976714976
281474976714977
281474976714978
281474976714980
281474976714982
281474976714983
281474976714984
281474976714985
281474976714986
281474976714987
281474976714988
281474976714989
281474976714991
281474976714992
281474976714994
281474976714995
281474976714996
281474976714997
281474976714998
281474976714999
281474976715000
281474976715001
281474976715002
281474976715003
281474976715006
281474976715007
281474976715010
281474976715011
281474976715012
281474976715013
281474976715014
281474976715015
281474976715016
281474976715017
281474976715018
281474976715019
281474976715020
281474976715021
281474976715023
281474976715024
281474976715025
281474976715026
281474976715028
281474976715029
281474976715030
281474976715031
281474976715032
281474976715033
281474976715034
281474976715035
281474976715036
281474976715039
281474976715040
281474976715046
281474976715048
281474976715050
281474976715051
281474976715052
281474976715055
281474976715056
281474976715057
281474976715060
281474976715064
281474976715067
281474976715068
281474976715070
281474976715071
281474976715072
281474976715073
281474976715074
281474976715075
281474976715076
281474976715077
281474976715078
281474976715079
281474976715081
281474976715082
281474976715083
281474976715084
281474976715085
281474976715086
281474976715089
281474976715090
281474976715091
281474976715092
281474976715093
281474976715094
281474976715095
281474976715098
281474976715099
281474976715102
281474976715103
281474976715104
281474976715105
281474976715106
281474976715109
281474976715110
281474976715111
281474976715112
281474976715113
281474976715114
281474976715116
281474976715117
281474976715119
281474976715120
281474976715121
281474976715122
281474976715123
281474976715124
281474976715125
281474976715126
281474976715127
281474976715128
281474976715129
281474976715131
281474976715132
281474976715133
281474976715134
281474976715135
281474976715136
281474976715138
281474976715139
281474976715140
281474976715141
281474976715142
281474976715143
281474976715144
281474976715145
281474976715146
281474976715147
281474976715148
281474976715149
281474976715150
281474976715152
281474976715153
281474976715154
281474976715157
281474976715158
281474976715160
281474976715161
281474976715162
281474976715164
281474976715165
281474976715166
281474976715167
281474976715168
281474976715169
281474976715170
281474976715171
281474976715172
281474976715174
281474976715175
281474976715180
281474976715183
281474976715205
281474976715208
281474976715211
281474976715212
281474976715213
281474976715215
281474976715216
281474976715217
281474976715219
281474976715220
281474976715221
281474976715222
281474976715227
281474976715228
281474976715229
281474976715230
281474976715231
281474976715232
281474976715233
281474976715234
281474976715235
281474976715236
281474976715237
281474976715239
281474976715241
281474976715242
281474976715243
281474976715245
281474976715246
281474976715247
281474976715248
281474976715249
281474976715253
281474976715254
281474976715255
281474976715258
281474976715261
281474976715262
281474976715263
281474976715264
281474976715265
281474976715267
281474976715272
281474976715273
281474976715275
281474976715276
281474976715277
281474976715278
281474976715279
281474976715281
281474976715284
281474976715285
281474976715286
281474976715287
281474976715289
281474976715290
281474976715291
281474976715292
281474976715293
281474976715294
281474976715295
281474976715296
281474976715297
281474976715298
281474976715299
281474976715300
281474976715301
281474976715302
281474976715303
281474976715304
281474976715305
281474976715307
281474976715308
281474976715309
281474976715311
281474976715312
281474976715317
281474976715318
281474976715319
281474976715320
281474976715322
281474976715324
281474976715325
281474976715327
281474976715331
281474976715332
281474976715335
281474976715336
281474976715337
281474976715339
281474976715340
281474976715341
281474976715342
281474976715343
281474976715344
281474976715347
281474976715349
281474976715350
281474976715351
281474976715355
281474976715360
281474976715361
281474976715363
281474976715365
281474976715367
281474976715368
281474976715369
281474976715370
281474976715371
281474976715373
281474976715374
281474976715375
281474976715376
281474976715378
281474976715379
281474976715380
281474976715381
281474976715383
281474976715385
281474976715386
281474976715387
281474976715388
281474976715390
281474976715391
281474976715392
281474976715393
281474976715395
281474976715396
281474976715398
281474976715402
281474976715404
281474976715407
281474976715408
281474976715409
281474976715410
281474976715413
281474976715414
281474976715415
281474976715416
281474976715417
281474976715419
281474976715420
281474976715424
281474976715427
281474976715429
281474976715430
281474976715431
281474976715432
281474976715433
281474976715434
281474976715435
281474976715437
281474976715439
281474976715440
281474976715441
281474976715445
281474976715447
281474976715449
281474976715451
281474976715452
281474976715454
281474976715457
281474976715460
281474976715462
281474976715466
281474976715467
281474976715469
281474976715470
281474976715471
281474976715472
281474976715474
281474976715477
281474976715478
281474976715479
281474976715480
281474976715482
281474976715483
281474976715484
281474976715486
281474976715488
281474976715490
281474976715491
281474976715492
281474976715493
281474976715494
281474976715495
281474976715496
281474976715497
281474976715499
281474976715500
281474976715502
281474976715504
281474976715505
281474976715506
281474976715509
281474976715510
281474976715511
281474976715512
281474976715516
281474976715520
281474976715521
281474976715523
281474976715525
281474976715526
281474976715527
281474976715529
281474976715531
281474976715532
281474976715533
281474976715534
281474976715537
281474976715538
281474976715539
281474976715540
281474976715541
281474976715542
281474976715543
281474976715544
281474976715545
281474976715546
281474976715547
281474976715549
281474976715554
281474976715555
281474976715556
281474976715558
281474976715560
281474976715561
281474976715563
281474976715564
281474976715566
281474976715568
281474976715569
281474976715570
281474976715571
281474976715572
281474976715573
281474976715575
281474976715576
281474976715577
281474976715578
281474976715581
281474976715584
281474976715585
281474976715586
281474976715587
281474976715588
281474976715591
281474976715593
281474976715594
281474976715599
281474976715600
281474976715602
281474976715603
281474976715604
281474976715639
281474976715640
281474976715641
281474976715642
281474976716283
281474976716284
281474976716285
281474976716286
281474976716287
281474976716288
281474976716289
281474976717252
281474976717253
281474976717256
281474976717258
281474976717259
281474976717260
281474976717261
281474976717262
281474976717263
281474976717267
281474976717268
281474976717269
281474976717271
281474976717273
281474976717274
281474976717275
281474976717277
281474976717278
281474976717279
281474976717280
281474976717281
281474976717282
281474976717283
281474976717284
281474976717285
281474976717286
281474976717289
281474976717290
281474976717291
281474976717301
281474976717302
281474976717304
281474976717305
281474976717306
281474976717307
281474976717309
281474976717311
281474976717313
281474976717315
281474976717317
281474976717318
281474976717319
281474976717321
281474976717322
281474976717323
281474976717324
281474976717325
281474976717326
281474976717327
281474976717330
281474976717332
281474976717334
281474976717335
281474976717336
281474976717337
281474976717338
281474976717340
281474976717341
281474976717342
281474976717343
281474976717344
281474976717345
281474976717346
281474976717347
281474976717348
281474976717349
281474976717351
281474976717352
281474976717353
281474976717356
281474976717357
281474976717358
281474976717360
281474976717361
281474976717362
281474976717363
281474976717365
281474976717366
281474976717368
281474976717372
281474976717373
281474976717375
281474976717378
281474976717381
281474976717383
281474976717384
281474976717387
281474976717389
281474976717390
281474976717394
281474976717397
281474976717400
281474976717402
281474976717405
281474976717406
281474976717407
281474976717408
281474976717409
281474976717412
281474976717413
281474976717414
281474976717417
281474976717421
281474976717422
281474976717424
281474976717425
281474976717426
281474976717427
281474976717429
281474976717430
281474976717431
281474976717432
281474976717434
281474976717435
281474976717437
281474976717438
281474976717439
281474976717441
281474976717442
281474976717444
281474976717446
281474976717448
281474976717450
281474976717451
281474976717452
281474976717453
281474976717454
281474976717455
281474976717456
281474976717458
281474976717459
281474976717460
281474976717461
281474976717462
281474976717465
281474976717467
281474976717468
281474976717471
281474976717472
281474976717473
281474976717474
281474976717475
281474976717479
281474976717480
281474976717481
281474976717482
281474976717483
281474976717486
281474976717487
281474976717488
281474976717489
281474976717490
281474976717496
281474976717497
281474976717498
281474976717499
281474976717502
281474976717504
281474976717507
281474976717510
281474976717511
281474976717513
281474976717516
281474976717518
281474976717523
281474976717525
281474976717526
281474976717527
281474976717529
281474976717530
281474976717531
281474976717533
281474976717534
281474976717535
281474976717536
281474976717537
281474976717538
281474976717540
281474976717541
281474976717543
281474976717545
281474976717546
281474976717550
281474976717551
281474976717553
281474976717555
281474976717556
281474976717558
281474976717560
281474976717561
281474976717563
281474976717566
281474976717567
281474976717568
281474976717570
281474976717571
281474976717572
281474976717573
281474976717575
281474976717576
281474976717577
281474976717580
281474976717582
281474976717583
281474976717585
281474976717587
281474976717588
281474976717590
281474976717593
281474976717594
281474976717595
281474976717599
281474976717603
281474976717605
281474976717607
281474976717610
281474976717613
281474976717614
281474976717615
281474976717616
281474976717617
281474976717620
281474976717622
281474976717623
281474976717627
281474976717628
281474976717629
281474976717630
281474976717635
281474976717636
281474976717638
281474976717639
281474976717640
281474976717642
281474976717643
281474976717645
281474976717648
281474976717649
281474976717650
281474976717651
281474976717653
281474976717658
281474976717661
281474976717664
281474976717665
281474976717667
281474976717668
281474976717669
281474976717674
281474976717675
281474976717677
281474976717678
281474976717679
281474976717680
281474976717683
281474976717685
281474976717688
281474976717693
281474976717698
